## DataFrame 객체의 내부구조 

- DataFrame의 각 컬럼은 Series 객체 임을 간단히 알수 있습니다. DataFrame을 인덱스를 공유하는 Series객체로 구성되어 있는 자료구조라고 생각할 수 있습니다. 

설명을 위해 3개의 column, 'col1', 'col2', 'col3', 로 구성된 DataFrame이 있다고 가정 하겠습니다. 

이를 내부적으로 보면, 각 column의 이름을 Key 값으로 가지고 Value를 해당 Series로 가지고 있는 Python dictionary 입니다. 따라서, column의 이름으로 해당 Series 데이터에 접근 할 수 있습니다. 

- 아래의 그림은 DataFrame 자료구조를 표현 하고 있습니다. 
  <img src="https://www.dropbox.com/s/a0z3j7bbcor9k1j/Screenshot%202018-07-31%2012.07.41.png?raw=1" width="700">

딕셔너리를 이용한 DataFrame 객체 생성

예제 13.2를 실행해 생성한 DataFrame 객체 값을 확인해 봅시다. 출력 값을 살펴보면 시가, 고가, 저가, 종가 데이터가 일단 2차원 형태로 잘 저장된 것을 확인할 수 있습니다. 다만 그림 13.9와 비교해보면 칼럼의 순서가 그림과 다른 것을 알 수 있습니다. 그리고 Series 객체의 인덱스가 날짜 대신 정숫값으로 돼 있습니다.

| idx  | close | high  | low   | open  |
| ---- | ----- | ----- | ----- | ----- |
| 0    | 11900 | 12100 | 11600 | 11650 |
| 1    | 11600 | 11800 | 11050 | 11100 |
| 2    | 11000 | 11200 | 10900 | 11200 |
| 3    | 11100 | 11100 | 10950 | 11100 |
| 4    | 11050 | 11150 | 10900 | 11000 |

- DataFrame 객체에서 칼럼의 순서는 DataFrame 객체를 생성할 때 columns라는 키워드를 지정할 수 있습니다.

```daeshin_day = DataFrame(daeshin, columns=['open', 'high', 'low', 'close'])```

 새롭게 생성된 DataFrame 객체를 출력해보면 그림 13.9와 동일한 순서로 칼럼이 구성된 것을 확인할 수 있습니다.

| idx  | open  | high  | low   | close |
| ---- | ----- | ----- | ----- | ----- |
| 0    | 11650 | 12100 | 11600 | 11900 |
| 1    | 11100 | 11800 | 11050 | 11600 |
| 2    | 11200 | 11200 | 10900 | 11000 |
| 3    | 11100 | 11100 | 10950 | 11100 |
| 4    | 11000 | 11150 | 10900 | 11050 |

- DataFrame에서 인덱스 역시 DataFrame 객체를 생성하는 시점에 index를 통해 지정할 수 있습니다. 먼저 인덱싱에 사용할 값을 만든 후 이를 DataFrame 객체 생성 시점에 지정하면 됩니다.
```
date = ['16.02.29', '16.02.26', '16.02.25', '16.02.24', '16.02.23']
daeshin_day = DataFrame(daeshin, columns=['open', 'high', 'low', 'close'], index=date)
```
새롭게 생성된 DataFrame 객체의 출력 값을 확인해 봅시다. 이번에는 그림 13.9와 일자도 일치하는 것을 확인할 수 있습니다.

| idx      | open  | high  | low   | close |
| -------- | ----- | ----- | ----- | ----- |
| 16.02.29 | 11650 | 12100 | 11600 | 11900 |
| 16.02.26 | 11100 | 11800 | 11050 | 11600 |
| 16.02.25 | 11200 | 11200 | 10900 | 11000 |
| 16.02.24 | 11100 | 11100 | 10950 | 11100 |
| 16.02.23 | 11000 | 11150 | 10900 | 11050 |

